[
    "[[24.167758590318467, 29.1250496196371], [13.377635327630998, 23.165964550588612]]",
    "[[45.57030290580908, -36.389400950130565, 0.3865392074412739], [-16.388658543430594, 9.898348839107975, 20.810543356303], [7.2296544722378755, -3.983053686237483, 3.7281774118142934]]",
    "[[42.315364488015085, -31.110300256049285, 40.08733660665153, -23.52303145328976], [-27.485254395968184, 10.801089895215362, 30.63128534637687, 32.75361458837584], [-27.09094987127375, 18.628542084855937, -47.868943918940374, 26.971195252894063], [35.758587068327444, -16.40451526531305, 28.847552926579233, 17.176592296231043]]",
    "[[44.531390794072514, -13.433973093786435, -32.86485328441094, 6.589406678131979, 49.986110456780544], [36.984506737164246, -13.83961699420054, -20.53529122912235, -27.785045273559632, -0.9307128127149511], [2.1422868547379394, 48.60846074935002, -15.697104545231028, -47.26601796858037, 18.33871057151676], [39.68128395655485, 25.45799242319715, -0.09917513129198596, -48.68673263957773, -41.254628945853014], [4.185653621396355, -26.219976247119064, 38.11883983047217, -42.63808796278789, 6.049981128856352]]",
    "[[-10, -17], [-28, -47]]",
    "[[40, 49, -25], [-48, 17, -37], [36, -21, 4]]",
    "[[-7, 4, 5, -21], [10, -34, 8, 8], [25, 41, 39, -3], [12, 2, 18, -9]]",
    "[[-39, -14, 45, 39, 11], [-10, -2, -47, 35, -4], [46, 24, 26, 28, 20], [-2, -8, -18, 19, 18], [1, -26, -14, 36, 39]]",
    "[[23, 82], [0, 0]]",
    "[[3, 85, 83], [60, 80, 92], [0, 0, 0]]",
    "[[23, 81, 27, 49], [0, 0, 0, 0], [41, 63, 34, 31], [9, 33, 41, 11]]",
    "[[9, 12, 92, 8, 30], [53, 73, 86, 2, 53], [40, 57, 43, 66, 21], [0, 0, 0, 0, 0], [49, 51, 6, 36, 78]]",
    "[[2, 0], [68, 0]]",
    "[[78, 64, 0], [9, 79, 0], [57, 20, 0]]",
    "[[91, 0, 38, 71], [51, 0, 9, 65], [4, 0, 95, 55], [27, 0, 11, 13]]",
    "[[37, 38, 84, 79, 0], [46, 93, 50, 60, 0], [44, 29, 64, 92, 0], [40, 7, 80, 89, 0], [72, 30, 51, 2, 0]]"
]